-0.804102655733942 0.224984375875345
-0.773104297225975 0.10257845860085
-0.64998674027276 0.623220250341584
0.13690484604863 -0.861439593259503
-0.896014335207036 0.0648074936757099
0.851994302558137 -0.16447917739445
0.224684805822745 0.765959837864693
0.237066959643497 -0.870057602113677
-0.0677246930048014 0.297354180707133
0.564876254797109 0.341326489021851
0.440947847146162 -0.76269713821052
-0.452698396901804 0.720174024066687
-0.391446373309102 -0.645025926150809
0.667358396573845 -0.668174790261013
0.543273925608689 0.150324039145687
0.452325767466793 -0.8431267437714
-0.0537869950630842 0.828054453470971
-0.271482313107113 -0.803572464908199
0.258252554547238 0.69952501990126
-0.533088532569453 0.808474900929799
0.482304625411292 0.397170783842961
0.0980937092348202 0.762398577374389
-0.0747413222294664 -0.860621737845471
0.386938631494368 -0.858065520349605
-0.237055650707685 0.273309634088536
0.185046420354275 0.784041889762617
0.414552790960541 -0.207735610625679
-0.694542816479155 0.261653684861322
-0.676991348098657 0.573708128939368
-0.0476801697245087 0.475814391772871
0.917008809095551 -0.200068970907762
-0.518714875152176 -0.113925783143524
-0.611098137248638 0.52936815469611
0.00369689111700033 -0.836314860245014
-0.588890214547476 -0.237929839545356
-0.644053507098902 -0.0833907252243986
1 -0.124829627432977
-0.0577700022561329 0.704936015729124
-0.186617796985377 0.395737020906303
-0.350215689678278 0.684957263867732
0.585732194221925 -0.655880793044673
-0.804167116668071 0.34243418327006
0.0141192063615023 0.743434261432616
-0.491203627001894 -0.077798580125174
-0.215436358115547 -0.221831707630443
-0.508407345606168 0.728911457255314
0.511880319794087 -0.873153912807488
0.464284967088169 0.236687960651695
0.230476677298951 0.162173214262352
0.423368106426133 -0.310745808323272
0.580017788956032 -0.595246777304143
0.90595658612631 -0.0690403483165026
0.782464137950923 -0.255243684348066
-0.0670308897927243 -0.940958085077762
-0.697027955123881 0.483547452890287
-0.572643231912912 -0.338683722429668
0.315998808038165 0.671792408302407
-0.498468487367636 -0.390519921891118
0.0858252102189803 0.272144240442783
0.246188747269599 -0.822844734611286
0.15339044722883 0.254726402539847
-0.352058480768872 0.100734761572336
-0.777379640409768 0.0171014976012818
0.302138576306761 -0.451202244104011
-0.472112447010568 0.127140957950893
0.226009082206351 -0.792583413368883
-0.688360221270638 0.490017165570769
0.306395259746465 -0.455251265780534
-0.368368227997193 -0.705854509627245
0.86890003070376 -0.110715415501077
0.113305358795779 1
-0.871760626017451 0.334085214630018
0.285663718615583 0.656936155281155
0.0257945516939935 -0.762462315080979
0.333230233535179 -0.96701137583878
-0.479416888651653 0.307631382702324
-0.413450735165645 0.298104272875211
-0.0023177663947056 0.923717370906823
-0.0151658483709197 0.430983972650486
-0.466733351691506 -0.37278406637846
0.16577033926242 -0.438351380609044
0.227185776977608 -0.453170061929569
0.154445570940106 -0.944791069475107
-0.0742425981601493 -1
0.141133822595593 -0.433301341477447
0.847699734183463 -0.402767625404776
0.166157104867196 -0.400626038463358
0.530993552210247 -0.780606091915811
0.449262176755274 0.458551537135433
0.779098033206428 -0.0499613045028676
-0.518856236849828 -0.604778583593847
0.535234968586603 -0.712321538614819
-0.897097731257842 0.254359407534535
0.18543205506547 -0.398541479996256
-0.0542025984541816 0.810254860251724
-0.0820265386796706 0.779346098095014
-0.43662783366591 0.813853692442754
-0.592493806944026 0.636089228763687
0.348591161048858 -0.874095889018563
0.0546549558866685 -0.819343857211435
-0.177383485447944 -0.286358419935544
0.687343547941123 -0.4556491232543
-0.256448213838406 -0.753506831843492
0.715598358621056 -0.639046658349455
0.530934745744023 -0.20338936995948
0.761573140825089 -0.326735921598595
0.543187977696517 0.292822765230209
0.432571883836873 0.502900904303872
-0.602810383638684 0.753856382844896
0.487782108471919 0.123176472601005
-0.224083735884328 -0.212987597648682
-0.327974971063261 -0.7709756599117
-0.373795951740247 0.774165899857328
-0.147198239424873 0.720160605602142
0.820183397012066 -0.360539046557711
0.398991695282986 -0.858131270825876
-0.48358479694523 -0.587909560890812
0.689786843523344 -0.550444536957303
-0.300956792514389 0.236110295753023
0.374000078031657 0.596695300551801
-0.760670687747277 0.492133928352779
-0.655672307752332 -0.364779281354004
0.418305095863021 -0.781769472791883
-0.104218628870695 -0.840292764059448
-0.469569067346409 0.788460590137361
-0.784015158497563 -0.0698293540317622
-0.241826890726842 0.823377447653731
0.688455781778251 0.207969091908767
-0.688204723403221 0.184231157205028
-0.207287138969292 -0.789953394318018
-0.293715115467062 -0.854071514377717
-0.258893771207789 0.727293190431159
-0.485317325911656 0.0831109502386307
-0.106306823868414 -0.425955403062161
0.520494336202222 0.323793923247054
0.533798168291666 -0.0789995327019721
-0.390131709520937 -0.607872881517977
-0.333341626552929 -0.708575103313791
0.238594231424931 0.191491888370452
-0.976288554282609 -0.0734147677582475
0.154713027272064 -0.857891080310517
-0.454936435299034 -0.351702987654677
-0.692714727005117 0.645371451612849
-0.436337759462328 -0.573301549463647
-0.597835017328117 -0.0692476635937264
-0.675704956650022 0.581205696004015
-0.264223107209277 -0.708532164227246
0.445089744887371 -0.161344624076684
-0.65339468807976 0.56392741013235
-0.622435345400345 0.440408431223828
-0.0266376328587917 0.78644714953235
-0.0922860052484772 -0.899648000128817
-0.943084387844477 0.104133658641642
0.0503315497256733 0.551811207571234
0.476746283459607 0.417100558308764
-0.0203917076097266 0.967171726490095
0.194047202367186 -0.455576663545755
0.3926988379503 -0.368907471971343
-0.604962474123741 0.812003957105194
-0.0916888934375943 0.88835300759787
0.40837585021993 0.586841451113011
-0.437915921454917 0.640550197301748
-0.222779815585184 -0.826177881204321
0.094555708665981 -0.880992979794812
-0.45426468451179 -0.528391290477218
0.622019742009247 0.0901200851938315
0.148840296904801 0.218633416606088
0.250890437333511 -0.906718189097699
-0.449612753765452 0.809987832807274
-1 0.0855457306303626
0.0409926305319779 -0.895078342027939
0.224449014511061 0.755114363896011
0.149531838329715 -0.431889048084061
0.744299306818779 -0.154553539170343
-0.798104961625954 0.312824999404556
0.596424227585548 -0.65286566406136
0.395025086046865 -0.201695288810644
-0.495975997914632 -0.245908458563949
0.205915930502066 0.175270306581723
0.304485745934579 -0.761118455856774
-0.546703360393732 0.0998592067607593
-0.456406031507826 -0.560979373471763
-0.113985591284882 0.825537149522286
-0.87546543338952 0.127452266328343
0.155349154911499 -0.546101650907239
-0.128702474904058 0.801777745275275
0.410095373910172 -0.207257913287869
-0.114078324558542 0.771479523255373
-0.148127833948634 0.355826481809426
0.0823245291383212 -0.827084298484351
-0.689724644376377 0.481619890458365
-0.520211047360127 -0.34920581140281
-0.239188516001862 0.365561577836991
-0.577779750558803 0.652624131699546
-0.399230879275414 0.329517569298822
0.181093947287919 -0.667906420970108
0.443914746456486 -0.256578821570316
0.510813321700208 0.225290987790204
0.111664997656223 -0.919665665537391
0.191446712577176 0.721593697615572
-0.51792946956002 0.771801566404459
-0.571897407596099 -0.356345105464099
-0.431709012034404 -0.518280477442387
-0.835543193632164 0.341045372189628
0.492544301342427 -0.204079749960332
-0.51487322965678 -0.366341861550296
0.404664822933164 0.495814613177536
0.0604372147674344 0.836545657835193
0.201204062395922 0.655735202704358
0.22549735286085 0.612591484575307
0.394360120621109 -0.788402890739817
0.242839040482032 -0.909970153980235
-0.206574676013125 -0.71598880497503
0.241247307766468 0.788137876065049
-0.821343128379605 0.326584963872462
-0.199727115378852 0.879457907450838
0.610287286550904 0.213202293081406
-0.221696984981168 -0.131092024836236
-0.0398934019710346 -0.557948142330995
-0.774179211574922 0.225390284427839
0.0186772729406002 0.303634693037528
-0.786336317573012 0.0686767079273269
0.0707837601419949 0.664502156514983
0.432353621375698 0.242782627248138
-0.52681716221481 -0.0132571075090734
-0.0732423227875623 -0.759708846156298
-0.309886893678475 -0.703596182044283
-0.516417464841932 0.522741445980449
0.145404076758271 -0.913562276938993
-0.404941326413773 0.685257166550318
-0.101446808703131 0.376436572427672
-0.065088580066983 -0.919353686236715
-0.458044696307011 0.733487153665237
-0.0186580477497198 0.463646528123257
0.657524711438366 -0.395706829361076
0.66884891431389 -0.395241208641357
-0.195344337304843 0.799970278101032
-0.495419598272673 0.06230360819157
-0.226048663481694 0.398299276711215
-0.541596810427744 0.729415320598987
0.328524019896942 -0.847347521794102
0.231495612415628 0.166519454928552
-0.300447324956051 -0.796767290614086
0.0885184332826503 -0.771619075286644
-0.357620215401301 -0.77438596267587
0.551612569429798 -0.154146959694623
-0.773485408362845 0.204348119251236
0.0381964961524173 0.224088022443724
0.180498531817408 0.840304840677539
-0.294645840884404 0.641879967138181
-0.460479510187372 -0.45825834368512
0.808518229721806 -0.286120242189867
0.140495433168996 0.756385092488444
0.628775134816651 -0.466905202238066
-0.669891598195772 0.62491902795301
0.654423235791877 -0.696796375135988
-0.74444801932471 0.323949577435778
0.845431727106331 -0.131014868665101
-0.173109838604523 -0.917616666001335
0.235521593564763 0.83080121316338
0.494912957948287 -0.00851502213878907
-0.659795545749452 -0.156566979775355
-0.879597153088499 0.161993406837446
0.347543953592651 -0.275206334052004
0.300653713034623 -0.396046316514071
-0.564749594716013 -0.106919331881232
0.0566080091014314 0.815000300238144
-0.554312012408165 -0.0591442307143957
-0.358633496050072 0.32595563788529
-0.14177221202219 -0.197316843829536
-0.0712519500846192 0.881182851068127
0.018777357022538 -0.378233975753505
0.361633191274251 -0.869857666991953
-0.827269010745185 0.475432636456559
-0.151079466195612 -0.772901880497167
0.204737539390437 -0.88584174195823
-0.223566917517711 0.872416568180728
-0.920672338851906 0.325410177301527
-0.0164578942874608 0.85413458116108
-0.290980049340887 0.315970958417185
0.439727612972028 -0.306736371117158
-0.146463724043872 0.877650440276595
0.293621816746611 -0.953997477999589
-0.0946897195553553 -0.888782398463318
-0.485967024274065 -0.119866808320924
-0.00420466233496741 0.378928381293721
0.592598414600288 -0.640345565717433
0.736287491242643 -0.539886218129889
0.695821857119512 -0.574735312400305
-0.59028686812028 -0.017225618398325
-0.118556097693373 0.449282732750816
0.674674147150742 -0.561769721033477
-0.459415904774237 0.714973698132183
-0.254616166236833 -0.786940949027614
0.825435266803241 -0.219781366247932
0.409340502444709 0.269270005337194
-0.486085202653303 -0.209576623961285
0.543156878123033 -0.8404490891714
-0.398317682708581 0.324928454424353
-0.426610378323484 -0.661046901894587
0.198133686322916 -0.393363294528252
-0.330478204005286 0.248671320413812
0.387960959291789 0.487593119950674
-0.507923888600197 0.00139518485109047
-0.133220960207813 0.336752134458382
0.618048043752011 -0.655641944375768
-0.0748419717581947 -0.214495162140339
-0.474621334420499 -0.49839833852572
0.527944097668493 0.535435984363464
0.0353313772644024 -0.822601860403017
-0.512157954168276 -0.00292354796279182
-0.274152918299159 0.396240884249977
-0.478129366309436 0.740100443916353
0.526602292434378 0.277539134113192
-0.542124372283382 -0.225278911172113
-0.22909189810875 -0.771110515480379
0.961461408539264 -0.0295994554787087
0.274213421105754 -0.499098111451754
0.493757750155074 0.198749264919739
-0.788880262683961 0.096782352840538
-0.464162830581398 0.0658387026760108
-0.417419040742138 -0.50531220238265
0.71264842271445 -0.378108513110008
-0.150639548592518 0.744823072513047
-0.236621953019288 0.267732920223538
0.0456598283416632 0.729807139763708
0.0721227381421565 -0.907705117165001
-0.454079783411261 0.283114506131735
0.21451976886797 -0.78662829880371
0.286166400812434 -0.461952446974421
-0.379334503054261 -0.810460833682493
0.787137555675304 -0.497401346610009
0.424765325445727 -0.0642828317119913
0.0928582374005731 -0.496077615082622
-0.491890079405693 -0.4654244746755
0.742149478120884 -0.218760892019268
0.228114240607787 0.670700145288425
0.457921994353448 -0.732541822838025
0.235326514422003 0.212129486841015
0.107046993717321 -0.882179842983837
-0.945366531091375 0.126307000379407
-0.657627057307467 0.546759826593183
0.513559696762195 -0.0806050519848089
-0.474777397734707 -0.497509365249599
-0.267778071181835 -0.233956632193513
-0.315453151885228 -0.868976744794558
-0.52944535889756 -0.469426531726114
0.405362584272776 -0.820298580963828
-0.0707503987813493 -0.929355138785502
-0.52476515581169 0.720767120199586
0.483239874402959 0.372598891567736
0.747312007319143 -0.316789484754444
-0.552464132296455 0.821433783064355
0.108064797940416 0.330980852857479
-0.439023066270929 0.227427878269032
0.411768530963583 0.00998098939035552
0.864166110172783 -0.118798698543124
0.559988532739086 0.314639846734298
0.46971891074592 -0.177103268838602
0.381965526970964 0.624264206883203
0.566861538478937 0.0479216978919927
0.273387303344674 0.719740607661876
-0.978744855141014 -0.0015333950359061
0.257485808699172 0.772813989554396
0.477072546257788 0.523305692414576
0.771553276679334 -0.552999412606715
-0.0831642176223755 -0.729104012221538
-0.147559559924072 0.893858603600778
0.66464255563855 -0.61885790751793
0.000929029076970123 0.878201268246177
-0.141771081128609 -0.743787167050155
0.592967085907765 -0.79521544518943
-0.824138131865584 -0.0541391434390249
0.593908554814129 -0.591229289019301
0.732945135263354 -0.663193856221823
0.565123920491396 -0.0573407890795168
-0.856170127106784 0.405797514699089
0.306884371220342 -0.49495851513955
0.00169181679750152 0.336655521513656
0.878709401627243 -0.351151488761868
-0.425106289860465 0.747055234090146
0.851700270227021 -0.339907486396193
0.0114299414253667 -0.77596867056898
0.574214043097223 0.364370018185374
0.0353313772644024 -0.496522437182297
0.472137326669354 0.0799509018382292
-0.421554718568651 0.0315840463849484
-0.181901970751699 0.361998975500232
0.0568760308801801 -0.768014875709795
0.522922364721096 -0.758927891519765
0.411017052178864 0.421399834349055
0.227644354324791 0.633725566234044
0.231231548764414 -0.856176200541636
-0.0209300129543861 -0.926640583408002
-0.698873008001638 0.497102114850651
-0.534848202981827 0.18206004964161
-0.595429041234076 0.731161733759549
0.523085213396791 -0.812309227173598
-0.171920704003872 -0.122346540568883
0.361503138512411 -0.734827658273305
0.555204287443745 -0.028073776059916
-0.714021892968839 0.441763696142896
0.373387699157427 0.551054406170884
0.093023347863431 -0.440762678687822
-0.146652017825145 -0.906105636191209
0.583361275828903 -0.0872149876197891
-0.631348483160712 0.703497556329876
-0.162147521674989 -0.802356752020401
0.66825462973696 -0.631757077485259
0.099866384923379 -0.57653472849582
-0.271887173009189 -0.778655047170935
-0.1125996812011 -0.187575709492926
0.492029179316182 -0.762203338715256
0.517154807456886 -0.870689611793757
-0.376089403922957 0.807732188917221
-0.669884247387495 0.4143672170809
0.249730705965972 -0.947997411578189
-0.125908036864869 0.412153841354165
-0.691107161779416 0.400512652437951
-0.204219590130239 -0.721171686905625
-0.764399243884552 0.362745713052174
0.0340127553487024 -0.90796006799136
-0.4494713920678 -0.519739064538453
-0.264393872140041 0.772557025958355
0.233705378473327 -0.909148943950067
-0.877565502769841 0.0776335330112679
-0.667747423965784 0.494474779492695
0.627137035464257 -0.761170116945273
-0.55607281371412 -0.127161756570938
-0.854245911678342 -0.00729930925099131
0.256595795450754 -0.970037239593729
-0.501150401495494 0.133355719805016
0.0779202640862691 0.307554226531189
0.268621152346632 -0.940220740451001
0.506570208983479 -0.121558876700077
-0.81713111523636 0.329891944459634
0.611931040371204 -0.753680600959353
0.428256959377737 0.350198777779157
0.438235398891611 0.326921767332547
0.419291800512634 -0.19652448349814
-0.198198712703837 -0.336369708218843
0.0747328405276069 -0.911854777325613
-0.154540566000929 -0.945402280535142
-0.656499556406993 0.465080961983142
-0.628359531425554 -0.216934638994662
0.399945038571953 -0.809207549093969
-0.329946684022114 0.384921738482848
-0.0585808529538658 -0.84452092223765
0.778826618746936 -0.447634945304661
-0.23575059951496 0.820200626172648
-0.85765216314497 0.0357316937758789
0.0606956239507428 0.669289864664721
0.075787964238883 0.20739008516364
0.0519396803981649 0.718052564822086
0.381503556943036 0.537709072257425
-0.260087429382764 -0.241402538169661
0.686757179619262 -0.655665426688722
0.671345361894427 -0.424324388696688
0.73214333171427 -0.560677458019495
0.209466370900299 0.178431025905352
-0.446749896664599 0.701743763013814
0.229254181337655 0.727717884834015
0.103834690499872 -0.412343041704252
0.542853798643267 0.16162238629277
-0.0757076707946168 0.818210667880591
-0.17632101092839 0.449406853547859
-0.570954242349364 -0.00915105735823296
0.210817788729854 -0.453509549082563
-0.0442490385990943 0.94352369549881
-0.612422979079034 -0.370582767269815
-0.407377836634506 0.705024577595123
0.641400430757365 0.0363153969835963
0.208877740791275 -0.956921361423994
0.0287620164511089 -0.740076290680172
0.212991366192954 -0.765991371256374
-0.598852256104422 0.622620444976412
-0.908682039657045 -0.101966576617587
0.494563511831691 0.199251115493731
0.653183210980072 -0.315000803430565
-0.0721159527806695 0.828595217592144
-0.539111106336227 0.715208521261725
0.054584840484633 -0.917929987148466
0.0747876888662959 0.302064732685736
0.515880290390854 -0.636471655003225
-0.0935429934640006 -0.389557147059998
0.30417079207221 0.742905573929534
0.456207559684322 -0.4051333007041
-0.134071392180889 0.428667274746752
-0.548958927641471 -0.448841265267277
-0.805370952885277 0.0280965874496431
0.470482263913242 0.378142059271371
0.802488305146753 -0.612757873535668
0.237461641503342 0.65367412655021
-0.493377204464994 0.685749624199127
-0.571281636041126 -0.456485764518695
-0.0617168208545824 0.788978542868807
-0.0852371455567476 0.493671684389663
-0.174677822554881 0.830984375204422
0.0152009060719371 0.713753959705022
0.450023268135433 0.0695348187349945
-0.18740037534358 -0.782414900936508
-0.504370620968011 -0.554100397622651
-0.810791891266844 0.273743721416574
0.491335376104105 -0.0731544495460701
0.827364005806007 -0.234783880532726
0.591581175823983 -0.666749749326309
-0.173968752279458 -0.857528110844568
0.266909544911459 -0.505316227922013
0.107714220930239 -0.921487222099406
-0.111014733847023 -0.898577877581335
-0.240577253319597 0.435603279070181
-0.0968067523393948 0.728014432900465
0.522620416134911 -0.71719915047701
-0.721696136810982 0.610866540958018
0.253697315202093 0.58520775305463
0.816549270488823 -0.210671570668176
-0.127657529235013 0.907699078855955
0.861221828734083 -0.364739696883595
0.57067264984764 0.0448804029028165
0.0319025079261501 0.658695315983035
0.563221192040997 -0.0415009626071002
-0.19844298571738 0.747793249640134
0.311532909285936 0.505658398767917
-0.532460886631877 -0.0508630253203071
0.143493997499594 -0.930748646328524
-0.695311824114383 0.482617553297303
0.239571323479103 -0.799199387312909
-0.975708971322235 0.0466395636046961
0.338295505885453 -0.463935025110979
0.32397160778575 -0.338250306024857
-0.537254179075868 -0.383993180736318
-0.583000520776494 -0.23911938642729
0.252872328334595 -0.820825255697228
0.486855906628902 -0.627755691357871
0.310826100797676 -0.778831499979705
-0.289622977043426 -0.69352763717277
-0.298326899491268 0.851613251673031
0.212463238890525 -0.413285017915327
0.723944353250443 -0.451131797165148
-0.196199858299034 -0.830739488226471
0.680973789844915 0.0449978144675873
-0.48492151315823 -0.383907302563229
0.57700621934925 0.116691328686295
-0.87549314028226 -0.102069227871359
0.546194458282184 -0.145181412608727
-0.136944427323972 -0.321163904196189
-0.662852351099483 0.540644361376694
-0.222747019671328 -0.207486027185138
-0.197619695190253 0.83580630043875
-0.44557094010618 -0.0193108477886538
0.533301140562721 0.107917665643397
-0.557139811807999 -0.000914132897143705
-0.178505331880512 -0.782911384124682
0.544020880819084 -0.75704528094407
-0.766384527566379 0.161452642716273
0.357038936100554 0.590750249835037
0.856175216127899 -0.207775195096088
-0.826648715615888 0.395439801916627
0.820246727052614 -0.480575933916746
-0.225178440870947 0.335122461939364
-0.766519669349335 0.15747473890184
-0.44714966754556 -0.447360537704711
0.496567455257609 0.188118486383781
0.621814484824256 -0.551481113343422
-0.127886535185209 0.868813039527107
0.20531655690402 0.646217485802426
-0.503039559222918 0.223945786719544
0.194670890177228 -0.518323416528932
0.797099597232251 -0.674639135555677
-0.251104176220362 0.408604657481952
-0.302383414767095 -0.882398563955924
0.271078018651828 0.651280943398568
-0.485363127101695 0.0653737528795186
0.0996011903785836 0.71299984199758
-0.0816465584363814 -0.882048342031294
0.386385059086362 0.621165883419709
0.520577456880441 0.114047220247658
-0.561281709549209 0.711802914960145
0.908396489027788 -0.191035660575914
0.117255004628182 0.805306801450671
-0.120779999920838 0.800013217187577
0.459221391078267 0.262437323190764
-0.0971330151375761 -0.450415251158433
0.447779009823507 -0.693053965374323
-0.0443084105121084 0.804041440244055
0.88660134248377 -0.1212690378659
-0.0487449060312253 0.752448114990874
-0.14497603353778 -0.877050634911423
0.535641524829051 -0.469439279267432
0.880630789821732 -0.109080375596241
0.465164802294357 -0.305056379356095
-0.569136330917556 -0.065674997408559
0.484662538528131 -0.288502019646645
-0.217887004506046 -0.370397592459091
0.3184833812361 -0.890037024898296
0.568237270520488 0.203321606713526
-0.463585509408187 -0.519946379815677
-0.343020944714571 0.829396970848721
0.0237238855467841 -0.886492537488674
0.318898419180407 0.610946380822062
0.0721391360990842 0.740965263956293
0.438468362969342 0.487557561019629
-0.0012162760465998 -0.716584584800838
0.300230193388457 -0.848949686460803
0.194971142423041 -0.885360690004284
0.826068567208723 -0.305102002135549
-0.296019311138793 -0.772087379699272
-0.141024691365006 0.476147169693593
-0.224802418755192 -0.789860806912656
-0.526872010553499 0.652415474575867
0.146925128625009 0.920334575994971
-0.244180280269356 -0.22921924328582
-0.113230154372628 0.359608476041499
-0.17015368278322 0.72814056646719
0.05020771687853 -0.378060206637645
-0.00575681377518877 -0.759819548488796
0.536047515624708 -0.217182209665521
-0.376246598130746 0.809439688530601
0.754799653720385 -0.527830398659227
-0.0875153306761105 -0.486199612407652
0.628322777384164 -0.655389677242318
0.859394870153626 -0.189887710934069
-0.0238002208635165 -0.895869360512881
0.200903810150109 -0.785453512232775
0.162083060740859 0.0934995254895477
-0.824786699334413 0.316421818825905
-0.186317544739564 0.808554740793843
0.592663440981208 -0.685043142040821
-0.79121046890806 0.14698887978297
-0.160306992371557 0.34684885810544
0.028630267348897 -0.904124399901106
0.200101441154235 0.757539080439334
0.403632317093513 0.699562591601987
-0.908133556270155 -0.00513826553598207
-0.504502370070223 -0.344228231979757
0.518392005034738 -0.680280928973719
-0.160175243269346 -0.311060471316858
0.851726280779389 -0.170076018956265
-0.529792543226994 -0.00771528165189339
0.414331135818623 0.413362174086463
-0.136253451345848 -0.943832991106577
-0.457730873338223 0.69820464299001
-0.743232874171691 0.406707286595256
-0.375153024037709 -0.572144206896621
-0.23377266664141 0.455795384517843
0.845111684222847 -0.0907635005687751
0.408703243911693 -0.720587983697907
-0.632019668501165 0.575295533295069
-0.292126775432242 -0.287195732123167
-0.82845305632472 0.406665018431938
-0.362387497292924 0.90728377737828
-0.394738969970817 0.183139565114273
0.604639604006303 -0.583362043256433
0.413732893114158 0.534175319619439
0.170505956133769 -0.475342061820879
0.465107126721715 0.526942096306333
-0.428604709153962 -0.184435117866115
-0.365102207334637 0.24380377240003
-0.225213498571964 -0.123159699520323
-0.431505451189785 -0.758565592977044
-0.740094644483812 0.299487045646597
-0.482763202758476 -0.479890250378485
-0.217645558726456 0.725763485473003
-0.562483283979253 0.739947473420538
-0.43457469636921 0.703219794113789
-0.686027187812586 0.42985346701255
0.30972461044957 0.626232695631988
0.744971057606022 -0.303946672338204
0.235968861976135 -0.858215807152511
0.405042541389291 -0.828405346318829
0.112545963755992 -0.424763172487317
-0.45779307248519 0.236420262284017
-0.00227196520466644 0.761339189598543
0.559874312487383 -0.712952877371672
0.442613653391295 -0.754315294332342
0.131171781038646 -0.462123532397373
-0.435480542127765 0.569169333306944
-0.517179121668882 -0.204707734101048
-0.268880126976731 0.871707402329513
-0.79935516447999 0.0668021484303583
-0.588978424246811 -0.255609337506923
0.0842165140996982 -0.453440443990155
0.589885400898947 -0.705457323076706
-0.419188323749953 -0.495542218347268
0.140083222458642 0.613957484266012
-0.137450502201567 -0.85058942282823
0.922927340652854 -0.0712067594173299
-0.57987586181159 0.668125141942195
-0.68956009936031 0.640565628535975
-0.156211461267178 0.390239475982123
-0.891884877295219 0.029622937791663
0.584051120913445 -0.680602301199577
0.309239457103227 -0.810050228667409
0.418781767507505 -0.863396676313424
0.943322440943323 -0.0703667635367986
-0.273305313560036 -0.852694108992149
0.495875348385904 0.134655969019449
0.130373370170307 0.704728029528673
0.786660884030821 -0.177972114417905
-0.183184969519591 -0.339286882410976
0.152083134248942 0.827801515414293
0.225466253287366 0.0410722426648802
-0.0200377379188054 0.851972866522843
0.941408969003903 -0.105593587584163
0.561847156339818 -0.846804073980021
0.559679233344623 -0.165197736170847
0.454554758715373 -0.325952283269154
-0.0377791964209481 -0.933029114377985
0.841582730802657 -0.237476966366954
0.0117047485656028 0.937236473936142
-0.112524476777949 -0.791259681841497
-0.502387599073346 0.71409747239738
0.19380010211969 -0.527128612963512
-0.269419563214972 0.768357717478926
-0.142611900506245 0.737860231260527
-0.143812344042707 -0.346825375792486
0.500592870959953 0.272381076342006
0.016512177179359 0.88189000414966
-0.82147770471577 0.117122061398197
0.0245765793070223 -0.867161897464816
-0.816419783173774 0.385193462389889
-0.240149210099106 0.295176363911442
0.507642861545264 -0.11204518533751
0.481153941192403 -0.25892973655864
-0.213875724973467 0.878137530539587
0.768581853794685 -0.356355840235736
-0.271713015397682 0.749005607911795
-0.501130045411032 0.753694019423899
0.6712266180684 -0.563376582162768
-0.0312663802867156 -0.892438259128665
-0.367781294228541 -0.617366445183727
0.471713241576398 -0.215383464493233
0.477652694664953 -0.806405773696925
0.21597862158774 -0.871687274632695
0.695458274833151 -0.663184463296642
-0.134199183155566 -0.77440072298687
0.422395537946286 0.572388422951345
0.250063754125641 0.665560202444375
0.428903830506194 -0.793964173370588
-0.885517946432964 0.389588009528452
-0.318840743607765 -0.744605022464187
-0.542696038988687 -0.321755658482633
0.064118273374298 -0.92448490707881
-0.331543505758793 0.698233492688782
-0.445050163612029 0.178518245924896
-0.771788502544228 0.434184276444523
0.112394424016108 -0.395905422636346
-0.666105931932646 0.426335816532018
0.0798376941532235 0.818638716899583
0.227167682680308 0.707876001310984
0.138618149824174 -0.931801324872097
-0.5937417480109 -0.0370997062362649
0.267809736202109 0.760879607187869
0.507161666326456 -0.131672373427817
0.376053780775148 -0.402917241284456
0.820181700671694 -0.0631798339263735
-0.0992805820483086 0.802039405333907
-0.512764678574599 0.155912158705548
0.00245290817766097 -0.486710855906825
0.406297833264443 -0.776753650744876
0.705527185833522 -0.583788750428972
0.497037341540605 0.159952458380116
-0.440433856013498 -0.664017079021673
0.0117013558848591 -0.775747265903983
-0.553573538899629 0.512031498503674
-0.566114583268543 0.558005170805312
0.59025972667433 -0.734600215299264
0.178842903614505 0.774190724016737
-0.320382151558965 -0.781813753724882
-0.405729559239881 0.75595503069977
0.573502145587847 0.159030609865859
-0.513110166563661 -0.518612584439881
0.157479758418513 0.596025719170994
-0.551801994104652 0.625258515106004
0.247474573271443 -0.494396281475105
0.788490669845231 -0.554853173483638
0.551178871741401 0.362702773965629
-0.366419698356755 0.801066566654378
-0.298044741542754 0.409244047317532
-0.922201872420502 0.212222745169604
-0.288269297426708 0.796435183616592
-0.342275120397758 -0.206902994900648
0.264218583634952 -0.506529928040129
-0.239418087398849 0.391443783175057
0.337099585923315 -0.753600761095309
0.369918117650252 0.528232952595584
-0.187040185737962 -0.790604860771689
0.296821114687876 -0.814154266048567
0.184504156882081 0.633933552434495
-0.30779247876606 -0.248406305739044
-0.864496331098499 0.194091044952863
0.10783635743701 -0.882648147396466
-0.164837917504706 0.877557181948005
0.527284786710643 0.132753230746935
-0.082916551928089 -0.925286660335388
0.853887983859887 -0.153341851821909
-0.147472481118318 -0.819343186288208
0.373911302885531 -0.448000598463519
0.196433387823556 0.23498381565445
0.42174018511597 -0.321655690921771
-0.254375285904034 -0.723831226578489
-0.352024553961436 -0.652265858696188
-0.155725177027254 -0.306111741592577
-0.0516190720678898 -0.951354040484178
-0.867923504096379 0.0509093190229883
0.117948242393468 -0.92524439217207
-0.180559034624003 -0.815955023990537
-0.0193439347067283 -0.804328595385323
0.196469576418155 0.690350815691687
0.879200774888282 -0.0415653712369174
0.0796414841168822 -0.942765552252004
-0.141603708878589 -0.387957666086206
-0.531917492266102 -0.351820399219448
-0.577828378982795 -0.010788110032751
0.318267380562088 -0.598091491787732
0.170390604988484 0.112261222616688
-0.0233738739833974 0.802307774624812
-0.288764063368491 -0.739353706364411
0.927702538799545 -0.278287213511589
0.12594592179984 0.70780354160244
0.090469224710251 0.293407810284381
-0.430067520001267 -0.35959841219309
-0.0188989280825191 -0.431967546101651
-0.791482448814343 0.136615064843053
-0.296854476048522 0.435636154308317
-0.156579567127864 -0.504111920729079
0.105339344409682 -0.490843742986756
0.0253812100900588 -0.468273885621679
-0.0999331076446711 0.878130821307314
-0.952687936136178 0.0574628971068785
-0.177577999143914 0.434146704743796
-0.0252234504354789 0.806568137117922
-0.454286736936624 0.199104183306961
0.385781727360783 0.465955845871491
0.474071154693236 0.281184260006904
-0.478752488672687 -0.500505037459321
-0.0522687704302995 -0.897575518279807
0.778697131431886 -0.378869340049722
-0.540015821201201 0.0198958928428259
-0.0310616885485151 0.520049031069448
0.525956552199503 -0.0167452373676059
-0.866323289678956 0.154469002843708
-0.41982671317655 -0.566641294586622
-0.469004751449382 0.264470220569366
0.199792707206563 0.115238108976047
0.457626831128751 -0.756014071943769
0.425932407621544 0.407672745119285
0.658706495230739 -0.546807462142318
-0.282991982529956 -0.762418034147979
-0.206394298486921 0.578797081618146
-0.32568038798697 -0.82281923952865
-0.921509200102007 0.128523730722279
0.81668610861215 -0.670885320099149
0.0299879050931489 0.842598727191546
0.223219167741487 -0.882948721002279
0.887839105508413 -0.100291281319115
0.28249438935422 -0.774977046039087
0.391733054831941 0.605709825033286
-0.534568306820476 -0.337435805226962
-0.658914579649683 0.488533083392067
-0.420067028062559 0.335649807595992
0.14300714781288 0.189361707123896
0.512192446422503 -0.844883891703598
0.523879100690806 -0.772314822673314
0.0733186581042942 0.253876342810907
0.147008814750019 0.313997773205809
0.51119612917745 0.3134093735355
-0.326519511024233 0.816038889393945
0.553019966491623 -0.706923290328273
0.513478272424347 0.309692458856472
-0.511399124575279 -0.310522390888594
0.153701442963665 0.749903974113098
0.737810804896543 -0.448344111155877
-0.141901133890449 0.797938051645657
-0.231063611067603 -0.76615172190769
0.269597113507223 -0.897980084985845
-0.597033213779034 -0.0240341473085747
-0.463890285228325 0.00758847716194122
-0.71951181585886 0.497123584393923
-0.494309060775918 -0.343776029724583
0.758154449529068 -0.435120214346553
0.216307146173084 0.1707019903273
0.497492526207045 -0.696409252433858
0.052285168387227 0.927474540979488
-0.0497378305955344 -0.465096393217369
0.40466934650749 0.642720633941939
-0.0202181154450096 0.908433739789807
0.197144719886142 0.730665250571375
-0.326902318501476 -0.779319261165924
0.783726215187561 -0.219037312388899
0.462354531745031 -0.295723837264887
-0.836950025247199 0.335580031580356
-0.53529660228678 -0.312125897401749
0.19243511356716 0.724397485782298
0.194718387707639 0.0308970210002326
0.54964594549206 0.353839878133505
0.945521463512001 -0.20419045229283
0.194993194847875 -0.497277896736193
0.582069229912361 -0.704113463852502
-0.848169055019669 -0.0470199770745532
-0.131892160249882 0.787868835850917
0.0124720598604589 0.348938113035133
-0.534547950736014 0.713743895856613
0.85524675249772 -0.0780246812527612
0.362378450144274 -0.651407747888521
0.756311092991683 -0.384866722778213
-0.0536037903029268 -0.420231086087166
-0.108103248322178 0.380080356474929
0.0741413831846303 0.724885917891745
-0.35950541500119 -0.703099698856109
0.113098405270416 -0.592074652285651
-0.57704353883743 -0.0182011407707633
-0.293155323144359 0.762860843477972
-0.608134065172266 0.56331485722586
-0.133371934500906 0.740163510699716
0.178715678086618 0.758799745183359
-0.646028612738498 -0.29178618884409
0.354608645794517 -0.83734003093627
-0.622893922747529 -0.276695783616524
0.670013169255753 -0.601678247360672
-0.507187676878824 -0.0811900970389809
-0.357351628175761 0.740627789572981
0.0575093312856618 0.772095430777999
-0.149410267269735 0.441133699232497
-0.614033936985479 0.558349354420898
-0.584850097228576 0.544065398912501
0.0958579326247531 -0.741506699000693
-0.796292139215262 0.279422415612115
0.383971166737253 0.298394782632615
-0.490398996218857 0.706632780570869
-0.290647566628009 0.2835714048495
0.429382198491049 0.470508730891687
-0.0326703846677973 0.784936901347784
0.343547375676628 -0.523366746428256
0.339309351981014 -0.86422593742232
-0.315533445329494 0.434391591721747
-0.235924191679677 0.820374395288509
0.272305038187449 0.724042567395077
0.501940896108765 0.57868839205533
-0.564770516247265 0.639008415725501
-0.0814068089971632 0.325095514307941
0.348942868952617 -0.22045564409133
-0.0536281045149232 0.869519521685413
0.438263671231141 0.10686834171596
-0.248375895455674 0.776644290258832
-0.891156581828915 0.136456726961419
0.556618469867058 -0.0772759309311374
0.313055092046256 -0.91471223935052
-0.570172229437952 0.542710133993432
0.480052450844297 -0.112674511324681
-0.440288536188312 -0.547222092696766
0.862813561449647 -0.256893484563901
-0.60417197951047 0.542516908103981
0.789922946565844 -0.43148515230125
0.110945183891778 -0.80016685860662
-0.405321306657062 0.813907366300935
0.520798546575569 -0.127623351751294
0.610252794296677 -0.694937246873246
-0.546650773842205 0.628827155751808
-0.419051485626625 -0.589827059474325
-0.540309288085527 -0.555064514300225
0.692117615194234 -0.460368397234857
0.312089308927896 0.576199937805417
-0.781280657818178 0.422869156216758
-0.10926637237046 -0.719757380742558
0.930927281846387 -0.0262307499546288
-0.625095207103369 -0.240524299665176
-0.526983403571249 0.129769635155304
-0.309669762110881 -0.636174436013549
0.609798175077028 -0.0512105635520286
-0.793768550188774 -0.0184607880597135
0.255345027149928 -0.907495118194868
-0.302762829563594 0.754458871902977
-0.288678680903109 -0.62899824117476
-0.377896006418952 0.3840025736615
0.165763553900933 0.185341535146146
0.333987932234595 -0.769621736839086
-0.313205500892558 -0.777790227130995
-0.918059974679293 0.0814014378555683
-0.487814338938984 0.717970041265133
-0.411641870882487 0.75677087334412
0.254879098994466 0.738004479754389
0.441530257340489 -0.326346115203556
0.246040600210459 -0.32467685821413
-0.504597365131045 -0.313366434448956
-0.41947330893242 0.280148354544012
-0.50250238477184 0.559402703887699
-0.873074158912035 0.178660481649076
-0.643233609252519 0.645099727705808
0.466737875265831 0.0104734470391654
-0.189209239626737 0.8024379337309
-0.305617204962587 -0.713787505866385
-0.0547199822675888 0.880350235343095
-0.59806119604436 -0.0311392242852738
-0.277015775400011 -0.914839714763699
0.159786781324197 0.0634253918275514
0.488291576030258 0.284595904617529
0.968545325932012 -0.0226862625450064
0.0102210161870453 0.817950349668413
-0.0627979551182265 0.739179266325323
